# @package _global_

training:
  start: 1000
  batch_size: 128
  learning_rate: 0.00016340577041298572
reinforcement:
  discount: 0.9761210728336784
  target_temperature: -0.8826089659982409
  polyak_factor: 0.995
imitation:
  trajectories: 10
